8524680
8524722
8524681
8524723
8524682
8524725
8524726
8545216
8545127
8545531
8494053
8544644
8524686
2006675
5422590
2015386
8524752
8524728
8544643
8524730
8528373
8528429
8524688
8524689
8524690
8545537
8524736
8524731
8524691
8544955
8524693
8524694
8524806
8524695
8524754
8524799
8524751
8524697
8524735
8524698
8524706
8524701
8524734
8524702
8545534
8494063
8494065
8524802
8494066
8494067
8494068
8524740
8524797
8494069
8494071
8524750
8524742
8494072
8494073
8494074
8524761
8544660
8494075
8544701
8524748
8544650
8544647
8494100
8524746
8494076
8494077
8494079
8494080
8544669
8494081
8494082
8494083
8524760
8494084
8524759
8524758
8524763
8544645
8494088
8524765
8524762
8524769
8524768
8524770
8524771
8494089
8494090
8494092
8544656
8524777
8494093
8494055
8494056
8544720
8524774
8494101
8524779
8524776
8545538
8494060
8524785
8494062
8529461
8494103
8524783
8524784
8494104
8494105
8494106
8545533
8545536
8494107
8524780
8524782
8494108
8544655
8524787
8524793
8524796
8524816
8524815
8494110
8494112
8494113
2068094
8524813
8524824
8524822
8529682
8524820
8524829
8544652
8544672
8494114
8494115
8524833
8524830
8524819
8494140
8494143
8494144
8524842
8524831
8494145
8494146
8494147
8494148
8544658
8525974
8494149
8524845
8494150
8494158
8526206
8494159
8494160
8526029
8529451
8529454
8494161
8494162
8544653
8494167
8494168
8494169
8494171
8526084
8544670
8544666
8494172
8494177
8529684
8526746
8494179
8494181
8494182
8526566
8526509
8494357
8494185
8494186
8494187
8526623
8526812
8526682
8494359
8526141
8529498
8529458
8494151
8526874
8526335
8526272
8494052
8526394
8494102
368314
8494152
8494153
8526450
8494155
8527060
8527004
8526940
8544665
8529423
8494156
8494157
8494190
8527121
8494192
8529456
8527179
8527235
8494193
8527295
8494195
8529686
8494051
8494198
8527487
8527425
8527359
8494200
8494201
8494204
8494205
8527896
8527834
8494206
8494208
8494209
8494212
8494324
8527548
8529505
8534000
8529439
8494322
8527778
8494323
8494326
8527609
8528318
8494328
8528143
8494329
8529437
8534097
8494330
8494331
8545745
8529271
8529331
8494332
8528262
8494334
8528014
8494335
8494336
8494337
8494338
8494339
8494340
8494342
8494344
8494345
8529413
8527956
8494346
8494347
8545544
8544721
8528077
8494348
8528545
8529687
8494350
8529689
8494353
8533945
8494356
8534015
8528611
8072709
8528674
8528737
8528923
8494361
8529442
8534006
8546433
8529440
8493892
8529051
8494363
8494367
8529416
8529420
8494369
8494370
8494372
8529415
8529495
8494374
8529624
8528986
8528988
8528998
8494378
8494383
8494384
8494386
8494390
8528980
8528203
8494392
8529494
8529493
8533951
8494099
8494393
8494396
8529160
8529105
8545541
8494397
8529432
8529517
8529430
8494400
8494409
8545539
8494411
8494412
8494418
8529491
8529627
8494414
8494415
8529520
8529519
8494417
8494420
8494421
8494423
8494425
8529512
8529518
8529534
8494427
8529523
8529525
8494428
2027243
8494430
8529428
8494433
8529543
8494435
8494438
8529551
8494446
8529533
8529531
8494451
8529536
8494452
8529541
8529539
8494453
8529570
8494455
2027778
8494458
8494462
8494465
2025506
8494469
8529549
8529556
8494096
8494472
8494474
8529615
8529559
8529560
8529573
8529566
8529571
8494480
8529563
8529584
8494483
8494484
8494095
8530119
8494492
8494493
8494496
8494502
8494504
8534193
8529635
8529575
8529582
8529580
8529577
2028182
8494507
2028193
8494510
8494514
8494516
8529637
8529593
8529602
8545547
8529597
8494519
8529596
8494523
8494526
8529608
8544654
8529606
8494529
8529603
8494532
8529630
8494534
8494537
8529662
8494542
8494548
8494550
8529647
8494553
8544667
8494555
8529599
8545543
8494558
8529690
8494562
2028683
8494567
8494571
8529604
8494575
8494579
8494584
8529605
8494587
8529638
8494591
8514937
8494595
8529660
8512099
8529633
8512198
8529623
8512288
8512377
5828666
8529618
8529620
8545583
8512467
8534025
8512555
8529641
8512644
8544697
8512733
8512821
8529613
8529612
8529611
8513183
8494094
8512913
8529661
8513003
8529665
8513094
8529664
8529666
8513270
8513361
8513460
8513555
8513649
8545699
8513741
8513833
8529693
8529655
8513926
8514017
8514275
8514360
8529676
8514442
8529701
8514527
8544698
8514773
8529703
8529669
8515019
8515102
8529674
2029446
8515187
8529699
8515272
8515355
8545679
8529704
8529680
8529671
8545551
8515437
8515516
8515598
8515680
8515767
8529677
8515857
8515941
8545648
8516021
8516108
2059515
8529796
8529802
8529804
8516174
8516176
8529707
2240341
8529710
8516178
8516216
8516302
8545112
8516385
8516458
8516612
8529697
8529695
8516688
2195202
8544682
8516765
8516841
8516917
8516992
8529672
8529716
8517146
8517219
8517295
8529713
8517373
8517446
8517521
8517596
8517668
2087307
8517745
8517825
8529731
8517901
2031411
8518055
8518134
8529709
8518208
8518282
8518353
8518423
8518493
8518563
8518634
8518704
8529730
8518777
8518849
8518923
8518993
8519064
8519138
8519213
8519286
8519357
8519430
8519502
8519576
8519652
8545552
8519715
8545223
8519849
8545576
8519917
8519986
8520058
8520127
8545810
8544675
8545550
8520197
8520258
8520259
8529729
8520261
8520289
8520430
8545574
8520505
8520580
8520730
8520804
8534019
8545717
8520881
8520946
8521018
8545639
8545549
8544724
8521085
8521578
8529723
8521648
8544702
8521861
8529721
8544719
8529726
8545069
8529790
8529766
8521929
8521991
8522059
2073766
8522616
8522680
8522743
8529833
8522808
8522876
8522940
8529813
8529788
8523069
8523144
8523217
8523295
8523363
8523429
8529786
8523499
8529781
8523563
8523758
8529778
8523831
8523901
8523969
8529808
8524036
8524104
8529869
8524248
8524320
8524381
8524386
2061370
8524388
8524391
8533453
8524395
8524397
8524401
8529859
8524405
8524409
8524422
8544744
8524430
8529775
8529871
8529874
8529873
8524438
8529773
8524705
8545577
8524442
8529836
8529848
8524446
8524448
8524449
8524450
8524452
8545664
8524454
8524456
8545684
8529843
8524458
8544691
8529840
8524480
8529886
8524467
8544728
8544770
8530064
8544718
8524469
8544897
8493975
8493974
8545559
8524470
8529900
8529895
8524472
8529881
8529890
8524473
8529896
8524474
8524476
8524479
8529903
8524483
1953134
8524488
8529893
8524490
8524493
8524494
8524495
8545563
8544715
8544746
8524500
8524504
8524506
8529769
8544693
8544679
8524510
8524514
8530071
8524517
8524524
8524526
8524527
8524528
8524529
8529911
8524532
8545571
8524533
8524535
8544695
8529879
8524536
8524541
8544716
8529905
8524544
8529908
8544686
8544677
8524548
8529877
8529882
8529883
8524550
8529867
8529866
8529914
8529884
8544694
8544689
8545568
8533454
8529912
8524567
8524568
8529876
8544690
8544681
8524573
8544684
8524574
8524576
8530067
8529996
8524580
8544705
8524581
8530034
8544726
8529955
8524582
8529948
8544771
8544673
8544769
8545580
8530019
8546091
8546090
8529952
8530021
8524585
8544725
8546245
8529985
8545106
8524586
8524587
8524589
8545020
8524592
8529977
8524593
8529954
8524594
8544730
8529990
8524595
8529957
8529987
8529962
8524596
8529971
8524597
8530000
8529925
8524599
8530024
8524602
8524615
8524616
8524617
8524618
8524619
8529927
8524620
8530038
8529924
8530030
8524622
8524623
8524624
8544737
8524630
8530036
8524631
8530077
8524632
8530082
8524634
8524635
8530076
8524638
8524641
8524642
8524643
8524644
8524645
8530078
8524646
8530080
2308486
8524647
8524650
8530055
8524652
8544638
8545690
8524655
8530058
8524656
8524657
8524658
8524659
8524660
8524662
8524663
8524664
8530057
8524665
8524666
8524667
8524669
8524670
8524671
8524672
8524673
8530225
8524674
8524675
8545214
8544733
8530002
8544735
8545558
8530005
8545804
8545120
8545556
8530007
8524677
8530045
8524679
8544732
8545555
8544758
8545553
8530222
8540300
8524707
8545812
8524708
8545674
8524709
8544739
8533420
8545561
8545080
8544729
8546345
8545155
8545061
8544764
8544762
8544760
8544759
8545131
8546094
8544640
8530052
8524710
8524711
8544765
8545787
8530008
8545800
8530042
8545075
8530072
8530075
8530051
8530043
8524712
8545212
8524713
8544767
8545211
8545858
8524714
8524715
8545916
8524718
8545065
8530010
8544741
8544749
8530017
8545508
8545808
8530162
8545654
8545667
8530027
8545658
8545680
8530014
8530016
8530039
8545848
8544747
8544752
8545169
8544961
8544947
8545789
8544748
8530013
8545829
8530100
8545813
8530185
8545159
8545163
8545178
8530098
8530090
8544973
8530088
8544959
8544991
8544967
8545843
8544965
8544958
8530085
8530101
8530096
8544948
8545117
8544964
8545168
8545806
8545057
8544970
8545022
8530458
8530227
8530459
8545990
8530084
8530083
8530194
8544913
8545088
3764342
8544978
8530231
8530229
8530202
8530405
8544879
8530233
8545238
8544877
8530200
8530237
8530283
8544911
8545220
8545221
8530256
8544888
8545634
8544981
8545218
8530240
8545719
8544901
8545853
8544909
8530243
8530230
8530247
8530244
8530199
8530248
8530245
8545144
8545240
8530207
8540205
8544915
8530205
8530208
8544902
2059762
5594218
8530235
8530250
8544878
8530246
8530319
8530286
8530337
8545175
8544882
8544884
8530212
8530213
8530215
8530253
8545149
8530218
8530261
8530210
8530393
6036282
8530217
8530267
2074311
8530255
8544874
8530324
8530288
8530259
8530279
8545083
8530276
8530280
8544876
8530316
8545041
8545044
8545029
7413556
8530275
8530277
8530287
8530317
8530325
8530303
8530299
8530300
8530298
8530297
8530327
8530296
8544899
8530322
8530365
8530348
8530304
8530305
8530383
8530306
8530397
8530314
8530380
8530367
8530313
8530394
8530375
8530390
8530361
8530308
8530309
8530310
8530311
8530399
8530330
8545236
8530464
8530364
8530363
8530368
8530362
8530381
8530369
8530370
8530385
8530360
8545961
8530376
8530378
8530356
8530359
8530379
8530389
8530387
8530335
8530333
8530332
8544917
8530349
8530402
8530340
8530426
8530339
8530338
8530419
8530352
5323494
8530353
8530413
8530408
8530355
8544871
8530409
8530351
8530417
8530418
8546093
8533442
8546097
8530406
8545676
8530407
8530265
8530264
8530263
8530289
8530411
8530262
8530290
8546397
8530266
8544916
8530344
8530345
8530347
8530423
8530415
8530424
8530444
4699948
8530450
8530447
8530452
8530457
8530453
8530448
8530438
8544775
8545675
8530449
8530440
8530460
8530455
8530437
8530436
8530432
8530435
8530454
8530434
8530443
8540380
8530483
8530475
8530480
8530476
8530478
8530471
8530473
8544772
8545200
8533446
8530477
8530472
8533430
8544774
8530474
8533408
8530479
2038096
8530467
8530468
8533425
8545564
8533452
8530469
8530466
8533432
8544883
8533411
8533422
8544982
8533402
8545231
8533410
8533409
8533406
8545100
8533434
8533405
8530486
8530484
8533421
8533431
8533412
8530485
8533404
8533427
8533423
8533419
8533450
8533429
8533418
8533417
8533451
8533443
8545566
8533438
8533444
8533439
8533437
8533445
8530445
8533441
8533447
8533440
8533436
8540386
8540344
8533486
8540342
8540339
8533484
8533488
8533490
8540341
8533462
8533483
8533491
8533497
8533496
8533493
8533503
8533500
8533455
8533456
8533458
8533469
8533467
8533479
8533482
8533471
8533472
8546008
8545697
8533530
8533465
8533520
8533514
8545642
8533507
8533733
8533509
8533512
8533559
8533513
8533526
8533578
8545053
8533505
8545048
8545681
8545718
8533604
8533527
8533571
8545741
8545689
8533693
8533566
8545863
8545795
8533534
8540219
8546430
8540234
8533561
8533547
8540378
8533541
8533574
8533554
8546273
8533691
8545830
8533539
8533537
8533562
8533550
8533533
8533565
8533594
8540236
8533581
8533579
8533583
8533743
8533704
8533584
8533585
8545964
8533729
8533740
8533699
8533589
8544407
8533734
8533603
8533590
8533591
8533610
8533723
8533602
8533600
8533596
8545694
8533608
8533605
8545280
8533607
8540160
8533615
8533613
8545241
8545281
8533905
8533633
8533705
8533645
8533644
8533713
8533931
8533651
8533714
8533716
8533654
8533667
8533652
8533657
8533715
8533718
8533666
2086336
8533673
8533670
8533669
8533722
8533698
8533675
8533747
8533917
8533724
8533812
8533922
8545835
8533692
8533697
8533739
8533696
8533694
8533707
8533925
8533772
8533806
8533771
8533807
8533768
8533767
8533766
8533764
8533745
8533746
8533754
8533753
8533755
8533750
8533751
8533760
8533823
8533759
8533749
8533748
8533758
8533761
8533778
8533815
8533817
8533829
8533827
8533836
8533846
8533839
8533819
8533821
8533835
8533834
8533840
8533833
8540157
8533937
8533837
8533888
8533850
8533849
8533881
8533847
8533897
8533894
8533862
8533879
8533864
8533884
8533882
8533856
8533860
8533865
8533877
2077402
8533868
8533900
8533914
8533886
8533851
8533853
8533867
8533916
8533857
8533863
8533962
8533957
8534083
8534066
8534197
8534243
8534239
8534161
8534048
8534216
8533966
8533971
8533981
8534043
8534032
8534253
8534085
8534251
8534036
8534054
8534060
8534070
8540162
8534088
8534231
8534103
9294128
8534236
2699522
8534266
8540143
8534305
8534267
8534311
8534264
8534147
8534140
8534228
8534185
8534136
8534190
8534189
8534149
8534249
8534134
8534191
8534244
8540379
8545245
8534213
8534113
8534211
8534116
8534153
8534172
8534176
8534160
8534164
8534219
8534163
8534145
8534175
8534139
8534220
8534214
8534108
8534124
8534242
8534227
8534127
8534194
8534169
8534158
8534159
8534150
8534195
8534198
8534167
8534301
8534285
8534287
8540272
8540281
8540261
8540347
8540322
8534206
8540154
8534199
8534290
8534208
8534209
8534291
8534207
8534309
8534306
8540276
8534286
8534292
8534299
8534200
8534201
8534277
8534283
8534275
8534274
8534272
8534278
8540320
8534279
8534271
8534280
8534268
8534303
8534324
8534321
8534435
8540302
8540251
8540253
8534344
8534325
8534319
8534320
8534316
8534328
8534331
8534332
8534334
8534323
8546322
8534338
8546244
8534317
8534313
8534312
8545248
8540310
8540198
8540305
8540318
8540304
8540360
2085282
8534345
8534355
8534430
8534433
8534356
8544954
8544985
8534359
8534363
8544894
8545838
8534361
8544939
8544977
8544892
8534368
8534365
8544889
8534370
8534372
8544891
8544887
8544890
8545097
8545047
8540313
8534374
8540215
8545036
8539998
8539999
8545110
8545032
8534377
8545816
1729537
8534376
8544924
8534379
8534385
8534389
8534495
8544923
8544999
8534391
8544989
8534393
8534395
8534378
8545820
8544921
8534396
8534399
8534421
8534401
8534405
8534407
8534406
8534403
8546331
8545108
8534422
8545140
8534424
8534427
8546246
8534419
8534418
8534417
8534485
8545742
8544936
8534412
8545754
8534415
8534408
8540245
8540242
8534410
8534411
8546004
8534481
8534503
8534462
8540067
8534437
8534447
8540093
8540053
8540206
8534483
8534439
8534471
8534441
8540100
8540139
8540095
8539986
8540051
8540049
8540018
8544937
8534479
8534442
8540106
8546258
8544941
8534444
8534445
8534434
8544925
8540212
8539987
8546256
8544926
8546261
8540241
8540012
8546253
8539994
8540207
8534508
8540238
8540331
8540176
8540092
8534474
8534476
8534449
8545824
8540128
8540120
8544927
8534451
8540089
8540088
8534452
8534453
8540296
8545685
8546278
8534480
8534455
8544929
8544930
8540124
8545039
8540299
8539990
8534492
8540111
8539993
8534487
8545938
8534500
8534490
8539984
8540076
8540017
8534496
8534472
8534497
8534469
8534499
8534463
8540311
8540308
8534461
8540291
8544931
8534459
8540131
8546249
8545976
8540087
8544932
8540014
8540137
8540307
8544933
8544974
8544940
8540115
8544945
8540013
8540003
8544919
8540287
8540009
8546289
8540001
8540401
8544943
8540032
8540028
8539985
8534505
8540044
8534494
8540367
8540004
8540047
8540075
8540005
8540055
8540046
8540117
8540037
8540002
8540010
8540326
8540332
8540364
8540336
8540338
8540333
8540328
8540345
8540290
8540285
8540323
8540259
8540136
8540358
8540173
8540166
8540188
8540363
8540006
8540180
8540027
8540022
8540074
8540135
8540025
8540182
8540020
8540179
8540468
8540454
8540498
8540467
8540446
8540571
8540496
8540476
8540456
8540478
8540471
8540500
8540567
8546301
8540442
2078709
8544963
8540541
8540458
8544949
8540463
8540525
8540509
8540974
8545772
8540402
8541165
8540513
8545904
8540448
8544950
8540533
8540684
8544968
8540425
8544986
8540511
8540510
8546015
8540450
8540452
8540681
8540414
8540407
8545785
8540460
4645369
8540417
8540410
8546027
8540404
8540563
8540431
8540768
8545905
8546282
8540518
8540520
8546415
8540521
8545919
8540569
8545782
8540522
8546264
8545956
8540529
8540403
8545254
8540890
8540433
8546288
8540689
8540531
8540435
8544951
8546267
8540517
8545930
8540539
8540537
8540534
8540530
8540438
8540445
8540441
8545981
8540800
8540447
8544953
8546260
8540564
8540650
8545752
8540462
8546257
8546270
8546271
8546029
8540427
8545954
8545952
8545994
8540668
8540776
8540617
8540629
8540620
8540678
8540837
8540675
8546414
8540603
8540600
8544988
8545983
8541025
8545831
8541028
8540787
8541033
8540610
8545695
8540821
8540616
1964011
8540784
8540614
8540691
8544990
8540670
8545969
8540596
8540612
8540598
8540630
8541031
8540683
8540801
8540781
8540601
8540605
8540766
8540772
8540606
8540597
8545202
8545987
8540679
8540637
8545988
8540607
8540640
8540641
8540623
8540621
8541053
8540651
8540634
8540677
8541006
8545760
8540655
8541048
8541051
8540690
9007081
8540643
8540644
8540626
8540636
8540818
2081055
8540816
8540815
8540814
8540585
8541049
8545927
8540580
8540680
8540648
8546251
8540575
8545024
8540576
8545939
8540796
8540590
8540588
8540583
8540592
8540810
8540586
8540652
8540662
8545092
8540795
8540698
8540647
8541035
8540702
8546252
8545687
8540841
8540719
8546255
8540723
8540798
8540703
8541046
8540839
8540697
8541036
8541038
8545019
8540695
8540961
8540745
8545788
8540692
8546412
8540858
8540880
8540699
8540888
8540808
8540708
8546002
8540854
8540857
8545277
171827
8540820
2070907
8540700
8541040
8540711
8541041
8540843
8540847
8540727
8545955
8540848
8540705
8540852
8540850
8545027
8546263
8545474
8545026
8545008
8540722
8540840
8540729
8540999
8540937
8540832
8540997
8540892
8540991
8545960
8545971
8544996
8540993
8540996
8540994
8540995
8545264
8540898
8544998
8545933
8545940
8545002
8545950
8540874
8545004
8540715
8540834
8540866
8540730
8540805
8546276
8540725
8545010
8540872
6058480
8540870
8540878
8545016
8540861
8540976
8540891
8540897
8546259
8545205
8545999
8540895
8540864
8540860
8546248
8540977
8540988
8540980
8540986
8540983
8540982
8540918
8540919
8540908
8540903
8540909
8540906
8546013
8545995
8540902
8540915
8546384
8540913
8540930
8540893
8540973
8540900
8545503
8545007
8545475
8546025
8545996
8545866
8545868
8544994
8545922
8545923
8545998
8540899
8540990
8545201
8541060
8545195
8540884
8540924
8540923
8540926
8541062
8541003
2533798
8541008
8546010
8540934
8541171
8540927
8540885
8541167
8540881
8545471
8545469
8541163
8545494
8540932
8541018
8545189
8540939
8541063
8541058
8541004
8540940
8540945
8540869
8541067
8541065
8541007
8540946
8541009
8545871
8546017
8541080
8540943
8540964
8546274
8545992
8541070
8545822
8545860
4596058
8541022
8546001
8541079
8545185
8541019
8541161
8541076
8541069
8541017
8541012
8540958
8546009
8545968
8540944
8545873
8541083
8541132
8540959
8545208
8540960
8540966
8541081
8546290
8540948
8545182
8540950
8541168
8540962
8546007
8546268
8545012
8541072
8540952
8546020
8546019
8540954
8540956
8545967
8540965
8546022
8546280
8540967
8545821
8546419
8541099
8541187
8546106
8541097
8541095
8541122
8541093
8541113
8541176
8545258
8541115
8541125
8545333
8541119
8545289
8541172
8541118
8546055
8541117
8541134
8541530
8541116
8541102
8541103
8541105
8541126
8541107
8541109
8545331
8541185
8541177
8541127
8541123
8545435
8545794
8546103
8541112
8545287
8545844
8541128
8545846
8546360
8541154
8541155
8541153
8541215
8541140
8546032
8545827
8546054
8545513
8541135
8541139
8545292
8546073
8541186
8541138
8541137
8541458
8545514
8545340
8541144
8545301
8545272
8545473
8541143
8541141
8546305
8541149
8541142
8541198
8546035
8545792
8546070
8545524
8545350
8546336
8545348
8541146
8541147
8541252
8524803
8546355
8546110
8546086
8541191
8541245
8541209
8541201
8541214
8541459
8545364
8541221
8541199
8541235
8541247
8546133
8541233
8543514
8541243
8541437
8541205
8546183
8541197
8546136
8546034
8545355
8541219
8541222
8545363
8541236
8545343
8545959
8541254
8541496
8541242
8541206
8545478
8545891
8541223
2783005
8541455
8543512
8541218
8545356
8546304
8541240
8543493
8546088
8545943
8546297
8545262
8541227
8545452
8545467
8546082
8541229
8541695
8546180
8545386
8541225
8545303
8546063
8541246
8546058
8541438
8545297
8541208
8541195
8546102
8546298
8541239
8546163
8541244
8546350
8545414
8541463
8541217
8541460
8541237
8545295
8546294
8545893
8545876
8545874
8541250
8545299
8546122
8545334
8541533
8541536
8546078
8541539
8541189
8541204
8544586
8541200
8541528
8541527
8541870
8541249
8546052
8541535
8546174
8546062
8545336
8546353
8546134
8546386
8545327
8541513
8545985
8541544
8545851
8545886
8541489
8545256
8546116
8545337
8546065
8541524
8541487
8541515
8541523
8546357
8546066
8546068
8545947
8545306
8545320
8546368
8546126
8545253
8546130
8545417
8546432
8541521
8545284
8545882
8545880
8546081
8545966
8541542
8541699
8541593
8545945
8541537
8546128
8545465
8546427
8546356
8546361
8546154
8541783
8541792
8541782
8546299
8546155
8541779
8541482
8546123
8545366
8543895
8543485
8546120
8545315
8543467
8543468
8546151
8541498
8541483
8541519
8545520
8545472
8546306
8545449
8541781
8545360
8541732
8545441
8545878
8545501
8541465
8544584
8545911
8545516
8546344
8541800
8545502
8546313
8546325
8546152
8546372
8546153
8545410
8545914
8546060
8546352
8546057
8541803
8543510
8541797
8541786
8541862
8541859
8541788
8541790
8543492
8543509
8541830
8541799
8546104
8545455
8543586
8543587
8543585
8543654
8543627
8544508
8543658
8543645
8543641
8543651
8543640
8543456
8541865
8543488
9161914
8541809
8543463
8543507
8543474
8543464
3646474
8541835
8543490
8543455
8541839
8545897
8543875
8546095
8543543
8543524
8543542
8543576
8542257
8546403
8543589
8543584
8543625
8543582
8543570
8543544
8543541
8543535
8542426
8543547
8543533
8546293
8543537
8543234
8543667
8543568
8543548
8543572
8543574
8543630
8543457
8543452
8543453
8543424
8545266
8543447
8543454
8546380
8546292
8543421
8543638
8546302
8543422
8543427
8544581
8546303
8543554
8546382
8546300
8541811
8541863
8541931
8541930
8541899
8541887
8971685
8545316
8541918
8541911
8545378
8541885
8541900
8545380
8541994
8541908
8545901
8545433
8546149
8541917
8541927
8541902
8541907
8545457
8542009
8542008
8541929
8545367
8543461
8541960
8541999
8543888
8545322
8541912
8545358
8546318
8545359
8541871
8543483
8545506
8541992
8546320
8541813
8541817
8541822
8541904
8546399
8541906
8541827
8541938
8541915
8541923
8545420
8545423
8541829
8543500
8541867
8541922
8541942
8541935
8541852
8541939
8542012
8541849
8541845
8541919
8542000
8542005
8541920
8541841
8542055
8542026
8543707
8543697
8543702
8541876
8542083
8541877
8541880
8546175
8543690
8541884
8542049
8542017
8543432
8543672
8542034
8542021
8543241
8543662
8542053
8542072
8542041
8542020
8542028
8541894
8542070
8545425
8542031
8546330
8541889
8541893
8543517
8542054
8546173
8543676
8542045
8540785
8542036
8543513
8543519
8542038
8542047
8542022
8544588
8542048
8542023
8542051
8546340
8543685
8542043
8542063
8542068
8542062
8542069
8542066
8543438
8542040
8545405
8542039
8542050
8542035
8545840
8542090
8542088
2054164
8542104
8542306
8542098
2074795
8542100
8542102
8542293
8542108
8543441
8542107
13797
8544429
8542106
8542285
8543431
8542099
8543429
8543435
8543434
2084418
8542139
8542211
8545888
8542138
8543135
8542524
8544027
8546171
2078782
8544489
8542485
8545496
8544003
8542298
8543726
8543766
8545429
8543761
8543710
8543723
8543731
8543877
8543865
8544284
8543889
8542297
8543552
8543551
8545453
8542288
8543715
8546326
8543523
8543526
8542303
8543530
8542287
8543720
8542124
8543562
8543560
8543561
8543564
8543557
8543558
8543567
8542536
8542484
8543737
8543778
8543870
8542483
8543770
8543743
8545456
8543804
8543806
8543796
8543791
8543801
8543835
8543856
8542291
8543783
8542308
8543590
8544434
8544298
8543245
8543246
8543634
8543616
8543604
8545330
2069249
8543595
8545498
8543611
8546358
8543601
8542327
8543609
8543623
8543620
8543618
2076894
6193713
8543959
8543916
2043577
8543926
8543899
8543921
8542276
8529530
8542121
8542118
8543137
8543904
8543909
2076928
8543917
8543951
8543943
8543955
8546169
8542277
8546367
8545407
8542482
8543945
8543957
8543953
8543947
8543936
8543937
8543949
8543014
8545401
8542725
8546167
8544460
8546166
8546165
2067134
8543976
8546111
8546164
8543980
8543973
8543983
8542133
8542755
8542267
8542114
8546349
8542280
8542123
8542116
8542112
8543995
8542128
8543963
8544323
8544329
8544337
8543971
8544525
8542111
8542281
3343102
8543966
8542110
8542135
8543988
8542264
8543242
8542315
8542321
8545400
2073990
8542721
8542262
8542319
8542313
8544030
8542318
8542286
8542322
8542324
8542269
8542270
8543068
8542273
8543139
8543138
8543165
8542275
8542323
8543161
8542317
8543150
8544273
6512184
8543141
8546332
8542326
8546140
8542314
8544446
8544369
8542514
5292018
8546178
8542821
8542498
8544293
8542509
8542649
8544184
8542507
8546113
8546334
8544469
8544466
8544136
8542502
8542494
8544145
8544476
8542496
8542670
8542505
8542586
8542667
8542751
8542651
8546138
8542653
8542487
8542824
8544499
8543070
8542486
8542785
8542664
8542504
8543052
8542673
8542655
8543203
8542680
8544127
8544055
8546145
8542647
2070938
8544186
8542669
8544110
8543226
8544167
8544228
8546328
8543228
8544220
8543257
8545909
8543225
8544152
8544133
8544118
8544265
8544230
8544157
8546142
8543205
2085545
8543215
8543217
8546156
8544222
8544241
8544229
8544251
8544232
8543211
8544237
8544147
8542886
8546148
8542891
8544047
8542883
2372346
8542880
8546160
8542899
8544072
8542895
8542901
8542898
8544060
8544061
8544063
8544364
8544066
8542905
8542876
8542784
8544059
8544096
8543036
8543143
8542879
481249
8542914
8543168
8544132
8543111
8544042
8543101
8542778
8542909
8543022
8542925
8543164
8542907
8542862
8543171
8543024
8542828
8542827
8542840
8542826
8542841
8542843
8546308
8542835
8542845
8542829
8542906
8545495
2070945
8542928
8542930
8542846
8542932
8544044
8542866
8544045
8543093
8546161
8544143
8542847
8542850
8543073
8545252
8543045
8543075
8544086
8544087
8544215
8544212
8542853
8542856
8543077
8542868
8542748
8542736
8542737
8542837
8542739
8543210
8542597
8544039
8544040
8542735
8542616
8542733
8542612
8542728
8543001
8542745
8543041
8542602
8543043
8542726
8543221
8544070
8544312
8544305
8546317
8542650
8542645
8542790
8543037
8542781
8542661
8542643
8544106
8542641
8542708
8542774
8542860
8543039
8542773
8543206
8543034
8542702
8542764
8542690
8542816
8544069
8542710
8542761
8542684
8542683
8542716
8542686
8544114
8542692
8542808
8542810
8546146
8542693
8544099
8542695
8542698
8542688
8546375
8542635
8542658
8542639
8543134
8542758
8543025
8542704
8542800
8542799
8544203
8542700
8542811
8542812
8542795
8542714
8543040
8543062
8543056
8543258
8544018
8543046
8543030
8546314
8543250
8543255
8543256
8543229
8543231
8543230
8544007
8544427
8543078
8543002
8543047
8544020
8543112
8543049
8544034
8543147
8543102
8544120
8543071
8543081
8543121
8543083
8543088
8543099
8543146
8544103
8543132
8545249
8543086
8543082
8543130
8543090
8543080
8543085
8543128
8543106
8543192
8546115
8544162
8544256
8544012
8544093
8543254
8543183
8544180
8544170
8544089
8544177
8543218
8544124
8543105
8543194
8543240
8543190
8543180
8544373
8542916
8543189
8543195
8542920
8544094
8544190
8544248
8543201
8544178
8544151
8544252
8544166
8544016
8544150
8544004
8544125
8544182
8493926
8493929
8493873
8493875
311588
8493933
8493877
8493878
8493884
8493880
8493922
8493881
8493908
8493986
8493925
8493905
8493940
8493991
2082406
8493923
8493897
8493904
8493900
8493899
8493888
8493890
8493889
8493893
8493887
8493973
8493886
8493885
8493988
8493894
8493907
8493941
8493971
8493953
8493942
8493987
8493943
8494024
8493946
8493951
8493945
8493955
8493992
2074999
8493948
8493895
8493967
8493957
8493976
8494029
8493980
8493937
8493938
8493958
8493954
2075154
8493985
8493983
8493968
8493966
8493950
8493972
8494017
8493996
8494011
8493982
8493965
8494016
8494012
8494013
8494010
8493997
8493861
8494005
8494001
8494000
8493832
8493831
8494002
8494018
8494023
8494003
8494009
8494008
8494015
8493858
8494007
8494032
8493956
8494045
8493854
8493994
8544629
8493826
8494043
8545521
8493852
8544614
8544630
8494021
8493851
8494019
8493827
8494006
8494042
8544637
8493857
8493860
8493865
8493859
8493866
8544618
8494048
2082407
8493872
8493843
8493828
8494041
8493833
8493864
8494047
8546434
8494046
8493834
8493836
8494040
8493855
8494037
8494039
8544607
8544627
8544606
8544610
8544605
8544615
8493849
8544597
8493847
8493838
8546429
8544619
8493869
8544636
8544620
8544623
8544596
8544603
8544601
8493870
8544611
8544632
8493867
8544617
8494034
8493837
8544634
8545525
8542923
8542922
8494026
8546428
8544625
8544626
8544598
8543095
8493840
8544441
8543115
8542935
8543006
8542937
8543004
8542965
8542962
8543118
8542938
8543158
8543000
8542967
8542996
8544071
8544174
8543169
8543186
8543156
8543155
8544481
8543198
8544113
8543185
8544130
8544129
8544280
8544360
8543160
8545481
8543199
8544037
8545490
8546295
8544289
8544062
8544058
8545509
8544287
8544083
8544081
8543152
8544281
8543187
8545491
8543177
8543098
8543197
8544192
8544056
8543129
8543023
8544102
8542872
8543109
8543184
8543084
8543912
8542631
8543935
8542539
8542619
8542515
8542522
8542580
8542584
8542563
8544052
8543153
8543016
8542574
8544219
8542573
8542547
2074962
8542518
8542530
8542516
8542576
8543021
8542512
8542519
8544278
8542541
8544384
8544378
8544382
8544396
8544413
5064139
8545489
8542633
8542623
8545001
8542628
8544115
1764031
8546143
8545487
8544001
8542565
8542568
8545014
8545025
8542564
8544011
8542590
8545484
8542558
8543220
8542508
8542593
8542560
8542557
8542552
8544074
8530069
8529930
8529965
8524584
8524719
8524764
8529982
8529993
8524766
8524614
8529975
8530029
8524625
8524629
8534024
8533985
8533989
8524767
8524654
8546373
8544743
8530109
8542489
8524772
8524773
8545560
8530221
8530284
8546100
8529969
8545268
8545651
8546283
8544751
8546312
8546416
8543244
8545023
8546021
8545224
8545171
8545228
8545225
8530122
8530190
8530123
8530127
8530173
8530130
8530170
8530133
8530168
8530136
8530176
8530174
8530140
8530175
8530142
8530167
8530146
8530165
8530147
8530149
8530152
8530192
8530195
8530158
8530181
8530182
8530160
8530179
8530155
8530425
8530463
8545135
8544903
8546277
8530462
8530392
8530274
8530268
8530320
8530398
8530391
8530329
8530427
8530395
8544872
8544875
8545234
8545233
8545235
8524778
8494109
8530428
8530429
8530430
8524789
8524791
8546182
8530461
8524826
8524825
8540356
2356350
8540200
8546018
8533577
8533576
8542510
8525811
8529706
8524837
5302238
8524853
8533587
8533588
8533586
8544401
8527664
8524846
8524835
8524836
8524838
8524841
8524839
8545270
8494141
8494142
2846115
8533647
8533638
8533649
8533640
8533674
8533732
8533919
8524807
8525914
8524851
8546389
8533830
8533813
8524849
8527722
8533903
8540352
8534256
8534183
8534181
8546410
8540193
8540210
8540247
8540250
8540384
8540385
8534246
8534298
3334746
8545464
8545463
8540556
8540688
8540559
8540827
8540826
8540823
8540829
8541494
8540515
8540685
8540687
8540420
8540418
8540422
8540545
8540552
8540546
8540550
8540549
8546354
8546269
8540758
8540763
8544260
8540791
8540790
8541182
8541181
8541178
8541184
8541179
8524700
8540672
8540674
8540632
8546031
8545271
8545499
8540664
8540659
8540792
8540736
8540734
8540737
8540750
8540753
8540835
8541056
8540741
8540738
8540712
8540713
8546266
8541044
8541045
8540806
8540935
8540942
8545198
8545324
8540863
8541001
8540978
8545993
8540985
8540979
8540912
8541085
8541089
8541087
8541092
8541011
8541015
8541014
8545581
8540972
8540971
8540968
8541517
8541151
8541175
8546036
8541158
8541159
8545517
8541192
8529395
8541238
8546075
6058486
8545344
8545346
8545518
8541231
8541253
8529427
8529425
8541509
8541507
8545308
8545309
8524739
8545314
8541203
8543471
8541443
8544486
8541512
8543473
8542058
8541504
8541193
8541452
8541456
8541491
8541475
8541441
8541450
8541698
8544566
8546421
8545493
8545460
8529476
8529467
8529486
8529626
8529502
8529485
8529479
8529469
8529474
8529464
8529472
8529465
8529446
8529449
8529214
8541869
8541895
8546324
8541785
8541476
8541478
8541477
8541480
8541479
8541481
8542059
8541802
8545540
8541833
8543502
8543505
8543497
8541805
8541856
8541796
8543450
8544077
8544075
8543477
8543479
8543478
8543481
8544091
8544092
8544108
8543579
8545519
8545505
8543545
8543528
8524426
8543472
8545395
8545394
8545390
8545388
8544569
8544578
8545377
8545376
8545374
8545446
8545529
8528485
8528799
8528860
8543475
8542003
8541926
8544079
8545527
8541913
8541924
8541932
8541824
8541868
8542013
8543539
8546370
8541934
8545691
8542014
8542016
8542077
8542081
8541874
8541534
8541881
8541882
8543233
8543260
8544000
8542019
8543259
8542033
8543496
8542024
8543494
8541892
8543984
8542278
8542330
8542075
8542132
8542086
8543232
8543689
8543687
8546177
8543439
8543520
8542057
8543238
8542092
8542093
8542095
8545528
8545511
8543443
8543449
8542302
8543011
8542206
8542209
8542301
8544025
8542544
8542493
8542491
8543883
8543550
8542311
8542292
8543575
8543553
8543540
8544472
8544197
8544198
8543777
8543787
8542333
8543747
8544031
8543757
8543752
8543861
8543252
8543247
8543831
8543827
8543606
8544090
8544065
8544250
8543249
8543253
8529410
8529412
8494381
8544527
8544533
8543594
8543596
8542331
8543608
8543597
8543236
8543613
2055537
8543960
8544515
8543018
8542334
8542127
8542125
8543934
8543179
8543931
8543927
8543930
8543940
8543946
8544073
8544592
8543968
8546181
8544589
8544552
8544558
8544555
8544576
8544553
8546310
8544316
8524703
8524808
8494399
8542571
8544048
8543089
8542760
8542857
8542676
8542682
8542677
8544201
8544217
8544343
8494401
8543212
8543214
8529508
8524704
8494403
8494404
8529522
8494406
8529511
8544195
8542904
8544516
8542885
8544028
8543148
8542913
8544494
8542805
8542803
8542867
8542832
8544270
8542863
8529510
8529434
8544504
8544225
8544455
8544571
8544570
8544436
8544449
8529436
8543208
2010881
8543007
8542607
8542771
8542767
8542818
8544051
8542743
8542815
8542788
8544207
8544209
8544139
8543027
8543065
8543067
8543063
8545486
8545485
8545371
8545482
8545373
8545488
8544425
8544388
8544419
8543122
8543125
8544244
8544153
8544163
2032303
2048370
8544046
8544068
8544111
8543222
8529527
8524436
8494434
8529552
8529568
8494436
8494439
8494440
8494441
8494442
8494444
8493868
8494449
8524696
8524812
8543173
8543175
8544348
8544356
8529545
8494097
8544080
8544078
8542874
8543166
8544537
8543941
8529888
8529652
8542550
8542526
8542527
8494478
8529589
8529585
8529586
8529591
8494486
8494487
8494488
8494490
8529583
8494497
8494501
8544668
8494506
8530120
8524699
8529579
8494509
8529644
8529650
8529648
8529653
8529654
8512095
8529616
8529651
8512096
8529621
8512110
8529667
8514106
8514191
8514607
8514691
8514855
8529696
8524399
8524756
8529759
8529761
8529753
8529754
8529751
8529792
8529756
8529909
8529845
8529763
8529852
8529858
8529856
8529854
8529853
8517069
8516534
8494070
8524738
8524737
2068186
8529738
8540011
8529740
8519783
8529735
8529720
8520359
8524732
8524733
8529727
8529737
8520653
8529750
8529743
8529748
8529745
8529749
8521153
8521223
8521290
8529741
8521358
8529717
8529719
8521432
8521504
8521720
8521792
8522124
8522194
8522262
8529870
8522337
8529818
8522406
8522476
8522547
8529829
8524432
8529863
8523002
8523629
8529827
8529823
8523688
8524176
8529868
8524393
8524414
8524418
8533998
8524460
8524463
8524484
8524485
8529887
8524747
8524744
8524743
8529917
8529915
8529920
8529919
8529922
8524553
8524555
8524557
8524558
8524561
8524562
8524565
8524569
8524570
8524572
7928617
8494085
8545588
8545590
8545796
8545798
8545799
8546118
8546422
8546406
8530061
8530060
8524717
8524716
8544753
8544756
8544754
8530046
8530050
3211608
8530106
8530107
8530184
8530236
8530112
8530113
8530115
8530187
8530094
8530092
8530105
8530228
8530226
8530178
8545614
8545596
8545593
8545619
8545631
8545624
8545629
8545613
8545610
8545607
8545609
8545605
8545598
8545603
8544881
8530232
8530241
8530249
8530291
8530254
8530257
8530258
8530295
8530271
8530371
8530372
8530400
8544886
8524683
8545532
8524684
8530341
8544905
8530342
8530441
8530439
8530482
8530481
8533413
8533416
8524828
8540355
8540359
8533524
8533522
8533521
8533473
8533476
8533477
8533461
8540382
8533557
8533529
8533567
8525854
8540374
8533573
8533545
8533542
8533728
8533736
8533725
8533731
8533551
8533703
8533593
8494137
8524687
8533619
8533611
8533660
8533620
8533658
8533614
8533911
8533621
8533624
8533625
8533626
8533709
8533628
8533631
8533648
8533637
8533642
8533639
8533664
8533661
8533662
8533663
8533719
8533720
8533711
8533712
8533738
8533742
8533737
8533954
8534012
8533770
8533763
8533769
8540481
8533756
8533757
8540400
8533810
8533808
8533825
8533942
8533842
8533845
8533876
8533874
8533871
8540195
8540186
8534252
8533977
8534255
8534262
8534257
8534076
8534232
8534260
8534259
8540224
8540221
8540227
8540149
8534131
8534129
8534155
8534215
8534235
8534187
8534188
8534177
8534178
8534179
8534120
8534123
8534224
8534222
8494163
8494164
8494166
8540269
8540265
8540397
8540263
8540264
8534202
8534204
8534205
8540395
8540394
8540391
8540390
8534295
8534340
8534342
8540255
8540293
8534347
8534350
8534352
8540203
8540315
8534353
2132094
2132092
8534381
8534384
8540370
8540371
8540369
8540372
8539996
8539995
8540060
8540071
8540077
8540057
8540085
8534457
8540354
8534506
8534464
8534467
8540327
8540306
8540473
8540472
8540573
8540572
8540466
8540474
8540484
8540487
8540490
8540491
8540501
8540507
8540825
8540412
8540411
8540543
8540555
8540527
8540553
8545856
8541032
8541023
8546425
8545974
8546285
8546287
8546291
8540682
8540595
8544657
8544663
8540693
8540811
8546388
8540911
8540929
8541054
8540882
8541077
8546005
8546395
8541196
8545492
8545458
8545476
8545480
8541505
8541248
8541439
8543692
8545370
8541996
8546342
8543446
8543442
8543428
8542258
8543237
8546379
8544574
8544562
8544554
8544550
8544593
8544575
8544563
8544564
8544540
8544546
8544549
8543235
8544514
8544009
8493876
8493931
8493960
8493959
8493993
8493841
8494049
8542933
8544662
8529658
8529733
8533994
8493952
8494058
8546077
8546411
8546424
8546390
8546392
8546418
8546119
8546404
8546401
8546394
8546408
8546117
8546364
